import numpy as np
from scipy import signal as sgl
import numba
from torch import as_tensor
from lib.parameters_info import sample_uniform_within_range

####################### No noise #######################

@numba.njit 
def simulate_euler(parameters,length: int = 302, dt: int = 1, num_sim: int = 2000, initial_conditions = np.array([0.25,0.25])):
    # Input parameters are of shape (num_nodes, num_parameters) to match parameter estimation output, but we need (num_parameters,num_nodes) to simulate
    params = parameters.T 
    # Equivalent to allocating memory
    time_series_E = np.empty((int(1000/dt*length),int(num_sim)))
    time_series_I = np.empty((int(1000/dt*length),int(num_sim)))
    # Set initial conditions
    time_series_E[0] = initial_conditions[0]
    time_series_I[0] = initial_conditions[1]
    # Forward euler performed in-place within the time_series_X arrays to maximize speed
    for i in range(int(1000/dt*length)-1):
        time_series_E[i+1] = params[0] * time_series_E[i] - params[1] * time_series_I[i] + params[18] - params[9]
        time_series_I[i+1] = params[2] * time_series_E[i] - params[3] * time_series_I[i] + params[19] - params[13]
        time_series_E[i+1] = params[8] / (1 + np.exp(-params[6]* (params[20] * time_series_E[i+1] - params[7])))
        time_series_I[i+1] = params[12] / (1 + np.exp(-params[10]* (params[21] * time_series_I[i+1] - params[11])))
        time_series_E[i+1] = dt * (((params[16] - params[14] * time_series_E[i]) * time_series_E[i+1]) - time_series_E[i]) / params[4] 
        time_series_I[i+1] = dt * (((params[17] - params[15] * time_series_I[i]) * time_series_I[i+1]) - time_series_I[i]) / params[5] 
        time_series_E[i+1] += time_series_E[i] 
        time_series_I[i+1] += time_series_I[i] 
    return time_series_E, time_series_I

@numba.njit
def simulate_heun(parameters, length: int = 302, dt: int = 1, num_sim: int = 2000, initial_conditions = np.array([0.25,0.25])):
    # Input parameters are of shape (num_nodes, num_parameters) to match parameter estimation output, but we need (num_parameters,num_nodes) to simulate
    params = parameters.T 
    # Equivalent to allocating memory
    time_series_E = np.empty((int(1000/dt*length),int(num_sim)))
    time_series_I = np.empty((int(1000/dt*length),int(num_sim)))
    time_series_E_temp = np.empty((1,int(num_sim)))
    time_series_I_temp = np.empty((1,int(num_sim)))
    time_series_E_corr = np.empty((1,int(num_sim)))
    time_series_I_corr = np.empty((1,int(num_sim)))
    # Set initial conditions
    time_series_E[0] = initial_conditions[0]
    time_series_I[0] = initial_conditions[1]
    # Forward heun performed in-place within the time_series_X arrays to maximize speed
    for i in range(int(1000/dt*length)-1):
        # Forward euler
        time_series_E[i+1] = params[0] * time_series_E[i] - params[1] * time_series_I[i] + params[18] - params[9]
        time_series_I[i+1] = params[2] * time_series_E[i] - params[3] * time_series_I[i] + params[19] - params[13]
        time_series_E[i+1] = params[8] / (1 + np.exp(-params[6]* (params[20] * time_series_E[i+1] - params[7])))
        time_series_I[i+1] = params[12] / (1 + np.exp(-params[10]* (params[21] * time_series_I[i+1] - params[11])))
        time_series_E[i+1] = dt*(((params[16] - params[14] * time_series_E[i]) * time_series_E[i+1]) - time_series_E[i]) / params[4] 
        time_series_I[i+1] = dt*(((params[17] - params[15] * time_series_I[i]) * time_series_I[i+1]) - time_series_I[i]) / params[5] 
        time_series_E_temp = time_series_E[i] + time_series_E[i+1] 
        time_series_I_temp = time_series_I[i] + time_series_I[i+1]
        # Corrector point
        time_series_E_corr = params[0] * time_series_E_temp - params[1] * time_series_I_temp + params[18] - params[9]
        time_series_I_corr = params[2] * time_series_E_temp - params[3] * time_series_I_temp + params[19] - params[13]
        time_series_E_corr = params[8] / (1 + np.exp(-params[6]* (params[20] * time_series_E_corr - params[7])))
        time_series_I_corr = params[12] / (1 + np.exp(-params[10]* (params[21] * time_series_I_corr - params[11])))
        time_series_E_corr = dt*(((params[16] - params[14] * time_series_E_temp) * time_series_E_corr) - time_series_E_temp) / params[4] 
        time_series_I_corr = dt*(((params[17] - params[15] * time_series_I_temp) * time_series_I_corr) - time_series_I_temp) / params[5]
        # Heun point
        time_series_E[i+1] = time_series_E[i] + (time_series_E[i+1]+time_series_E_corr)/2 
        time_series_I[i+1] = time_series_I[i] + (time_series_I[i+1]+time_series_I_corr)/2         
    return time_series_E, time_series_I


####################### With noise #######################

@numba.njit 
def simulate_euler_noise(parameters, length: int = 302, dt: int = 1, num_sim: int = 2000, initial_conditions = np.array([0.25,0.25]), noise_seed: int = 42):
    # Input parameters are of shape (num_nodes, num_parameters) to match parameter estimation output, but we need (num_parameters,num_nodes) to simulate
    params = parameters.T 
    # Set seed
    np.random.seed(noise_seed)
    # White noise
    DE, DI = np.sqrt(2*params[-1]*dt), np.sqrt(2*params[-2]*dt)
    # Equivalent to allocating memory
    time_series_E = np.empty((int(1000/dt*length),int(num_sim)))
    time_series_I = np.empty((int(1000/dt*length),int(num_sim)))
    # Set initial conditions
    time_series_E[0] = initial_conditions[0]
    time_series_I[0] = initial_conditions[1]
    # Forward euler performed in-place within the time_series_X arrays to maximize speed
    for i in range(int(1000/dt*length)-1):
        time_series_E[i+1] = params[0] * time_series_E[i] - params[1] * time_series_I[i] + params[18] - params[9]
        time_series_I[i+1] = params[2] * time_series_E[i] - params[3] * time_series_I[i] + params[19] - params[13]
        time_series_E[i+1] = params[8] / (1 + np.exp(-params[6]* (params[20] * time_series_E[i+1] - params[7])))
        time_series_I[i+1] = params[12] / (1 + np.exp(-params[10]* (params[21] * time_series_I[i+1] - params[11])))
        time_series_E[i+1] = dt * (((params[16] - params[14] * time_series_E[i]) * time_series_E[i+1]) - time_series_E[i]) / params[4] 
        time_series_I[i+1] = dt * (((params[17] - params[15] * time_series_I[i]) * time_series_I[i+1]) - time_series_I[i]) / params[5] 
        time_series_E[i+1] += time_series_E[i] + np.random.normal(0,1,size=num_sim) *  DE
        time_series_I[i+1] += time_series_I[i] + np.random.normal(0,1,size=num_sim) *  DI 
    return time_series_E, time_series_I

@numba.njit
def simulate_heun_noise(parameters, length: int = 302, dt: int = 1, num_sim: int = 2000, initial_conditions = np.array([0.25,0.25]), noise_seed: int = 42):
    # Input parameters are of shape (num_nodes, num_parameters) to match parameter estimation output, but we need (num_parameters,num_nodes) to simulate
    params = parameters.T 
    # Set seet
    np.random.seed(noise_seed)
    # White noise
    DE, DI = np.sqrt(2*params[-1]*dt), np.sqrt(2*params[-2]*dt)
    # Equivalent to allocating memory
    time_series_E = np.empty((int(1000/dt*length),int(num_sim)))
    time_series_I = np.empty((int(1000/dt*length),int(num_sim)))
    time_series_E_temp = np.empty((1,int(num_sim)))
    time_series_I_temp = np.empty((1,int(num_sim)))
    time_series_E_corr = np.empty((1,int(num_sim)))
    time_series_I_corr = np.empty((1,int(num_sim)))
    time_series_E_noise = np.empty((1,int(num_sim)))
    time_series_I_noise = np.empty((1,int(num_sim)))
    # Set initial conditions
    time_series_E[0] = initial_conditions[0]
    time_series_I[0] = initial_conditions[1]
    # Heun performed in-place within the time_series_X arrays to maximize speed
    for i in range(int(1000/dt*length)-1):
        # Forward Euler
        time_series_E[i+1] = params[0] * time_series_E[i] - params[1] * time_series_I[i] + params[18] - params[9]
        time_series_I[i+1] = params[2] * time_series_E[i] - params[3] * time_series_I[i] + params[19] - params[13]
        time_series_E[i+1] = params[8] / (1 + np.exp(-params[6]* (params[20] * time_series_E[i+1] - params[7])))
        time_series_I[i+1] = params[12] / (1 + np.exp(-params[10]* (params[21] * time_series_I[i+1] - params[11])))
        time_series_E[i+1] = dt*(((params[16] - params[14] * time_series_E[i]) * time_series_E[i+1]) - time_series_E[i]) / params[4] 
        time_series_I[i+1] = dt*(((params[17] - params[15] * time_series_I[i]) * time_series_I[i+1]) - time_series_I[i]) / params[5] 
        time_series_E_noise = np.random.normal(0,1,size=num_sim) *  DE
        time_series_I_noise = np.random.normal(0,1,size=num_sim) *  DI
        time_series_E_temp = time_series_E[i] + time_series_E[i+1] + time_series_E_noise
        time_series_I_temp = time_series_I[i] + time_series_I[i+1] + time_series_I_noise
        # Corrector point
        time_series_E_corr = params[0] * time_series_E_temp - params[1] * time_series_I_temp + params[18] - params[9]
        time_series_I_corr = params[2] * time_series_E_temp - params[3] * time_series_I_temp + params[19] - params[13]
        time_series_E_corr = params[8] / (1 + np.exp(-params[6]* (params[20] * time_series_E_corr - params[7])))
        time_series_I_corr = params[12] / (1 + np.exp(-params[10]* (params[21] * time_series_I_corr - params[11])))
        time_series_E_corr = dt*(((params[16] - params[14] * time_series_E_temp) * time_series_E_corr) - time_series_E_temp) / params[4] 
        time_series_I_corr = dt*(((params[17] - params[15] * time_series_I_temp) * time_series_I_corr) - time_series_I_temp) / params[5]
        # Heun point
        time_series_E[i+1] = time_series_E[i] + (time_series_E[i+1]+time_series_E_corr)/2 + time_series_E_noise
        time_series_I[i+1] = time_series_I[i] + (time_series_I[i+1]+time_series_I_corr)/2 + time_series_I_noise  
    return time_series_E, time_series_I

def compute_PSD(timeseries, dt):
    freq , psds = sgl.welch(timeseries,fs=(1000/dt), nperseg=2000/dt, axis = 0)
    return psds[:100,:].T, freq[:100]

def WC_stochastic_heun_PSD(parameters,
                           length: int = 302,
                           dt: int = 1,
                           initial_conditions = np.array([0.25,0.25]),
                           noise_seed: int = 42,
                           PSD_cutoff = 100,
                           out_tensor = True,
                           get_psd_I = True,
                           filter_bad = True,
                           remove_bad = False):
    try:
        parameters = parameters.detach().cpu().numpy()
    except: 
        pass
    time_series_E, time_series_I = simulate_heun_noise(parameters,length = length, dt=dt, num_sim = parameters.shape[0],noise_seed=noise_seed, initial_conditions=initial_conditions)
    bad_sims = np.logical_or(np.logical_or(np.amax(time_series_E,axis=0)>1.1, np.amax(time_series_I,axis=0)>1.1), np.logical_or(np.amin(time_series_E,axis=0)<-0.1, np.amin(time_series_I,axis=0)<-0.1))
    if filter_bad:
        time_series_E[:,bad_sims] *= 0
        time_series_I[:,bad_sims] *= 0
    if remove_bad:
        time_series_E = time_series_E[:,np.logical_not(bad_sims)]
        good_parameters = parameters[np.logical_not(bad_sims),:]
        time_series_I = time_series_I[:,np.logical_not(bad_sims)]
        try:
            if time_series_E.shape[1] < 1:
                if get_psd_I:
                    return np.array([[-1 for i in range(PSD_cutoff)]]), np.array([[-1 for i in range(PSD_cutoff)]]), np.array([[-1 for i in range(PSD_cutoff)]])
                else:
                    return np.array([[-1 for i in range(PSD_cutoff)]]), np.array([[-1 for i in range(PSD_cutoff)]])
        except:
            if get_psd_I:
                return np.array([[-1 for i in range(PSD_cutoff)]]), np.array([[-1 for i in range(PSD_cutoff)]]), np.array([[-1 for i in range(PSD_cutoff)]])
            else:
                return np.array([[-1 for i in range(PSD_cutoff)]]), np.array([[-1 for i in range(PSD_cutoff)]])
    freq , psd_E = sgl.welch(time_series_E,fs=(1000/dt), nperseg=2000/dt, axis = 0)
    psd_E, freq = psd_E.T[:,:PSD_cutoff], freq[:PSD_cutoff]
    if get_psd_I:
        _ , psd_I = sgl.welch(time_series_I,fs=(1000/dt), nperseg=2000/dt, axis = 0)
        psd_I = psd_I.T[:,:PSD_cutoff]
        if out_tensor:
            psd_E, psd_I, freq, good_parameters = as_tensor(psd_E), as_tensor(psd_I), as_tensor(freq), as_tensor(good_parameters)
        return psd_E, psd_I, freq, good_parameters
    else:
        time_series_I = None
        if out_tensor:
            psd_E, freq, good_parameters = as_tensor(psd_E), as_tensor(freq), as_tensor(good_parameters)
        return psd_E, freq, good_parameters



@numba.njit
def simulate_connected_heun_noise_faster(
            parameters,
            connectivity,
            coupling = 0.1,
            conduction_speed = 10.0,
            length: int = 302,
            dt: int = 1,
            initial_conditions = np.array([0.25,0.25]),
            noise_seed: int = 42,
            input_connections = np.array(([1.0, 0.0])),
            store_I: bool = True
    ):
    # Input parameters are of shape (num_nodes, num_parameters) to match parameter estimation output, but we need (num_parameters,num_nodes) to simulate
    params = parameters.T 
    # Set seet
    np.random.seed(noise_seed)
    # White noise
    DE, DI = np.sqrt(2*params[-1]* dt), np.sqrt(2*params[-2]* dt)
    num_nodes = connectivity.shape[1] 
    remove_diagonal = np.ones_like(connectivity[0]) - np.eye(num_nodes)
    connectivity[0] *= remove_diagonal
    connectivity[1] *= remove_diagonal
    
    # Kernel for delay to allow vectorized calculation of inputs (improves speed for large num_nodes)
    
    delay = (1/dt*connectivity[1]/conduction_speed).astype("int64")
    
    max_delay = np.max(delay)
    if max_delay == 0:
        max_delay = 1
    kernel = np.zeros((num_nodes, max_delay, num_nodes))
    #print(kernel.shape)
    for i in range(num_nodes):
        for j in range(num_nodes):
            kernel[i][-delay[i][j]][j] = connectivity[0][i][j]
    # Equivalent to allocating memory
    sim_length = int(1000/dt*length)
    time_series_E = np.zeros((sim_length+1, int(num_nodes)))
    time_series_I = np.zeros((3,int(num_nodes)))
    if store_I:
        time_series_I = np.empty((sim_length+1,int(num_nodes)))
    time_series_E_input = np.zeros((2,int(num_nodes)))
    time_series_E_temp = np.empty((1,int(num_nodes)))
    time_series_I_temp = np.empty((1,int(num_nodes)))
    time_series_E_corr = np.empty((1,int(num_nodes)))
    time_series_I_corr = np.empty((1,int(num_nodes)))
    time_series_E_noise = np.empty((1,int(num_nodes)))
    time_series_I_noise = np.empty((1,int(num_nodes)))
    # Set initial conditions
    time_series_E[0] = initial_conditions[0]
    time_series_I[0] = initial_conditions[1]
    # Heun performed in-place within the time_series_X arrays to maximize speed
    for i in range(sim_length-1):
        
        # Forward Euler
        j_0 = i
        j_1 = (i+1)
        if not store_I:
            j_0 = i%2
            j_1 = (i+1)%2
        # Calculating input from other nodes (vectorized)
        if i > max_delay and i+1 < sim_length-max_delay:
            time_series_E_input[0] = np.sum((time_series_E[i-max_delay:i,:] * kernel).reshape((num_nodes, -1)), 1)
        time_series_E[i+1] = params[0] * time_series_E[i] - params[1] * time_series_I[j_0] + params[18] - params[9]
        time_series_I[j_1] = params[2] * time_series_E[i] - params[3] * time_series_I[j_0] + params[19] - params[13]
        time_series_E[i+1] = params[8] / (1 + np.exp(-params[6]* (params[20] * time_series_E[i+1] - params[7] + input_connections[0] * coupling * dt * time_series_E_input[0])))
        time_series_I[j_1] = params[12] / (1 + np.exp(-params[10]* (params[21] * time_series_I[j_1] - params[11] + input_connections[1] * coupling * dt * time_series_E_input[0])))
        time_series_E[i+1] = dt*(((params[16] - params[14] * time_series_E[i]) * time_series_E[i+1]) - time_series_E[i]) / params[4] 
        time_series_I[j_1] = dt*(((params[17] - params[15] * time_series_I[j_0]) * time_series_I[j_1]) - time_series_I[j_0]) / params[5] 
        time_series_E_noise = np.random.normal(0,1,size=num_nodes) *  DE 
        time_series_I_noise = np.random.normal(0,1,size=num_nodes) *  DI 
        time_series_E_temp = time_series_E[i] + time_series_E[i+1] + time_series_E_noise
        time_series_I_temp = time_series_I[j_0] + time_series_I[j_1] + time_series_I_noise
        # Corrector point
        # Calculating input from other nodes (vectorized)
        if i > max_delay and i+1 < sim_length-max_delay:
            time_series_E_input[0] = np.sum((time_series_E[i+1-max_delay:i+1,:] * kernel).reshape((num_nodes, -1)), 1)
        time_series_E_corr = params[0] * time_series_E_temp - params[1] * time_series_I_temp + params[18] - params[9]
        time_series_I_corr = params[2] * time_series_E_temp - params[3] * time_series_I_temp + params[19] - params[13]
        time_series_E_corr = params[8] / (1 + np.exp(-params[6]* (params[20] * time_series_E_corr - params[7] + input_connections[0] * coupling * dt * time_series_E_input[1])))
        time_series_I_corr = params[12] / (1 + np.exp(-params[10]* (params[21] * time_series_I_corr - params[11] + input_connections[1] * coupling * dt * time_series_E_input[1])))
        time_series_E_corr = dt*(((params[16] - params[14] * time_series_E_temp) * time_series_E_corr) - time_series_E_temp) / params[4] 
        time_series_I_corr = dt*(((params[17] - params[15] * time_series_I_temp) * time_series_I_corr) - time_series_I_temp) / params[5]
        # Heun point
        time_series_E[i+1] = time_series_E[i] + (time_series_E[i+1]+time_series_E_corr)/2 + time_series_E_noise
        time_series_I[j_1] = time_series_I[j_0] + (time_series_I[j_1]+time_series_I_corr)/2 + time_series_I_noise
        # Correcting for ceiling and floor of activity
        time_series_E[i+1] = np.where(time_series_E[i+1] > 1.0, 1.0, time_series_E[i+1])
        time_series_I[j_1] = np.where(time_series_I[j_1] > 1.0, 1.0, time_series_I[j_1])
        time_series_E[i+1] = np.where(time_series_E[i+1] < 0.0, 0, time_series_E[i+1])
        time_series_I[j_1] = np.where(time_series_I[j_1] < 0.0, 0, time_series_I[j_1])
        
    return time_series_E[:-2], time_series_I[:-2]

# From tvb-data repo:
conn = np.array([
[ 0.0,0.0064355607,0.0034674938,0.007540513,0.00094653847,4.4632851e-05,0.023157122,0.00016352513,2.0299923e-06,0.0,0.0,0.0,0.0,0.0,0.0,0.0,0.0,0.00015650021,0.0005448838,0.0,0.0,0.0,0.00088726225,1.5796736e-05,0.0047129077,0.0,0.0,0.00012902195,0.0071728276,0.00076836219,6.7163126e-05,0.0015016734,0.0,0.046445542,0.0,0.0,0.0,0.0,0.0,0.0,0.0,0.0,0.0,0.0,0.0,0.0,0.0,0.0,0.0,0.0,0.0,0.0,0.0,0.0,0.0,0.0,0.0,0.0,0.0,0.0,0.0,0.0,0.0,0.0,0.0,0.0,0.0,0.0,],
[ 0.0064355607,0.0,0.0,0.0,0.019063163,1.6672393e-05,0.018292617,0.0011525456,0.0,0.0,0.0,0.0,0.0,0.0,0.0,0.0,0.0,2.6123511e-05,5.8510577e-05,0.0,0.0,0.0,0.00072241058,4.7194878e-05,3.4713593e-05,0.0,0.0,0.0,0.0,0.0,0.0,0.0,0.0,0.0059185341,0.0,0.0,0.0,0.0,0.0,0.0,7.9187721e-05,4.9882346e-06,0.0,0.0,0.0,0.0,0.0,0.0,0.0,0.0,0.0,0.0,0.0,0.0,0.0,0.0,0.0,0.0,0.0,0.0,0.0,0.0,0.0,0.0,0.0,0.0,0.0,0.0,],
[ 0.0034674938,0.0,0.0,0.00073839521,0.0,0.0,5.7066929e-05,7.8802238e-06,0.0,0.0,0.0,0.0,0.0,0.0,0.0,0.0,0.0,0.0,0.0,0.0,0.0,0.0,0.0,0.0,0.0,0.0,0.0,0.0,6.5863621e-06,0.0,0.0,0.0,0.0,1.6981213e-05,0.0,0.0,0.0,0.0,0.0,0.0,0.0,0.0,0.0,0.0,0.0,0.0,0.0,0.0,0.0,0.0,0.0,0.0,0.0,0.0,0.0,0.0,0.0,0.0,0.0,0.0,0.0,0.0,0.0,0.0,0.0,0.0,0.0,0.0,],
[ 0.007540513,0.0,0.00073839521,0.0,0.0,0.0,4.0094281e-05,0.0013080353,0.0,0.0,0.0,0.051343877,0.011367801,9.3023255e-05,0.0,0.0,0.0,0.0,0.0,3.0918344e-06,0.0,0.0,0.0,0.0,0.0,0.0,0.0,0.0,4.6167552e-06,0.0,0.0,0.0,0.0,0.0,0.0,0.0,3.0909883e-05,0.041042358,0.0,0.0,0.0019380313,0.0011079407,0.0,0.0,0.0,8.8145987e-05,0.0,0.0,0.0,0.0,0.0,0.0,0.0,0.0,0.0,0.0,0.0,0.0,0.0,0.0,0.0,0.0,0.0,0.0,0.0,0.0,0.0,0.0,],
[ 0.00094653847,0.019063163,0.0,0.0,0.0,0.0056646069,0.0046082978,0.0093939105,0.00014853967,0.0,0.0,0.0,0.0,0.0,0.0,0.0,0.0,2.4089324e-05,1.3634187e-05,0.0,0.0,1.5601421e-05,0.00036773351,2.4214615e-05,2.3576946e-05,0.0,0.0,0.0,0.0,0.00085153341,0.00020172627,3.177788e-06,0.0,0.0095117978,0.0,0.0,0.0,0.0,0.0,1.5750265e-05,7.9794837e-05,1.5583093e-05,0.00088393939,0.0,0.0,0.0,0.0,0.0,0.0,0.0,0.0,0.0,0.0,0.0,0.0,0.0,0.0,0.0,0.0,0.0,0.0,0.0,0.0,0.0,0.0,0.0,0.0,0.0,],
[ 4.4632851e-05,1.6672393e-05,0.0,0.0,0.0056646069,0.0,0.0037239089,0.02556612,0.0616807,0.01080868,0.0,0.0,0.0,0.0,0.0,0.0042534288,0.0058786106,0.0,0.0055471413,0.0,0.0,0.0,0.0,0.0,0.0,0.0,0.0,0.0,4.5385531e-06,0.0071699466,0.0056398768,0.0010961314,0.0,0.014831931,0.0,0.0,0.0,0.0,0.0,0.00027513163,0.00014842065,0.0,0.00033283372,4.0807994e-05,0.0,0.0,0.0,0.0,0.0,0.0,0.0,0.0,0.0,0.0,0.0,0.0,0.0,0.0,0.0,0.0,0.0,0.0,0.0,0.0,0.0,0.0,0.0,0.0,],
[ 0.023157122,0.018292617,5.7066929e-05,4.0094281e-05,0.0046082978,0.0037239089,0.0,0.0060163783,0.0067225722,0.00024416608,0.0,0.0,0.0,0.0,0.0,0.0,1.2602428e-06,7.1236869e-05,0.0010153056,0.0,0.0,0.0,0.00028227127,0.00026408194,0.00055461193,0.0,0.0,0.0,0.00079270911,0.0078630855,5.0189843e-05,5.2160791e-06,0.0,0.00010826603,0.0,0.0,0.0,2.4879914e-06,3.082758e-05,0.00035610789,0.0055792906,0.01152403,0.0067088688,0.0,0.0,0.0,0.0,0.0,0.0,0.0,0.0,0.0,0.0,0.0,0.0,0.0,0.0,0.0,0.0,0.0,0.0,0.0,0.0,0.0,0.0,0.0,0.0,0.0,],
[ 0.00016352513,0.0011525456,7.8802238e-06,0.0013080353,0.0093939105,0.02556612,0.0060163783,0.0,0.012411402,0.0016971693,0.0019557047,0.00053301978,0.054301502,0.017569978,0.00050588488,0.0,0.0,9.25607e-07,1.3058065e-05,0.0084931243,0.0,0.0,2.8798944e-05,9.2680575e-06,1.3086458e-05,0.0,0.0,0.0,4.5422766e-05,0.00010982971,1.9394382e-06,0.0,0.0,0.00017617814,0.0,0.0,0.0,0.0067922512,0.0,0.0,0.0080413468,0.10851745,0.017079986,0.0069311865,0.00011207469,0.00071592945,0.00011390967,0.00016590155,0.0,0.0,0.0,0.0,0.0,0.0,0.0,0.0,0.0,0.0,0.0,0.0,0.0,0.0,0.0,0.0,0.0,0.0,0.0,0.0,],
[ 2.0299923e-06,0.0,0.0,0.0,0.00014853967,0.0616807,0.0067225722,0.012411402,0.0,0.025952682,0.0,0.0,0.0,0.0,0.0,6.1619794e-06,0.0,0.0,0.00020046955,0.0,0.0,0.0,0.0,0.0,0.0,0.0,0.0,0.0,0.038969848,0.03330326,2.6409114e-05,0.0,0.0,0.0,0.0,0.0,0.0,0.0,0.0,0.00020517154,0.00037620991,0.012541206,0.018844079,0.001371112,0.0,0.0,0.0,0.0,0.0,0.0,0.0,0.0,0.0,0.0,0.0,0.0,0.0,0.0,0.0,0.0,0.0,0.0,0.0,0.0,0.0,0.0,0.0,0.0,],
[ 0.0,0.0,0.0,0.0,0.0,0.01080868,0.00024416608,0.0016971693,0.025952682,0.0,0.0031853673,0.0,0.0,0.0016220101,0.0,0.011081068,0.00069147185,0.0015567692,0.016797851,0.0,0.0,0.0,3.6404692e-06,0.0,0.0,0.0,0.0,0.0,0.0034918166,0.021706217,4.6081358e-06,0.0,0.0,0.00044995654,0.0,0.0,0.0,0.0,0.0,0.0,0.0,0.0056258929,0.0011886078,0.088230318,0.014376871,0.0,0.0,0.00019944401,0.0,0.00020210692,0.0,0.0,0.00098526044,0.0,0.0,0.0,1.8401641e-05,0.0,0.0,0.0,0.0,0.0,0.00037582441,0.0,0.0,0.0,9.8215441e-06,1.579775e-05,],
[ 0.0,0.0,0.0,0.0,0.0,0.0,0.0,0.0019557047,0.0,0.0031853673,0.0,0.0,0.0,0.06787943,0.0,0.0038938576,0.0,0.00064328948,0.0,0.011756319,0.0,0.0,0.0,0.0,0.0,0.0,0.0,0.0,0.0,0.0,0.0,0.0,0.0,0.0,0.0,0.0,0.0,0.0,0.0,0.0,0.0,0.0071259313,0.0,0.014847443,0.033708396,0.0,0.0,0.0070280698,0.0,0.0044952149,0.0,0.0068182257,0.0,0.0082177771,0.0,0.0,0.0,0.0,0.0,0.0,0.0,0.0,8.7694468e-06,0.0,0.0,0.0,0.0,0.0,],
[ 0.0,0.0,0.0,0.051343877,0.0,0.0,0.0,0.00053301978,0.0,0.0,0.0,0.0,0.017935518,0.00019086342,0.0,0.0,0.0,0.0,0.0,1.1329878e-05,0.0,0.0,0.0,0.0,0.0,0.0,0.0,0.0,0.0,0.0,0.0,0.0,0.0,0.0,0.0,0.0,0.0,0.0025459547,0.0,0.0,0.0,0.0,0.0,0.0,0.0,0.027294168,0.00032988878,0.0,0.0,0.0,0.0,0.0,0.0,0.0,0.0,0.0,0.0,0.0,0.0,0.0,0.0,0.0,0.0,0.0,0.0,0.0,0.0,0.0,],
[ 0.0,0.0,0.0,0.011367801,0.0,0.0,0.0,0.054301502,0.0,0.0,0.0,0.017935518,0.0,0.0089396687,0.0077792021,0.0,0.0,0.0,0.0,0.0041632049,0.0,0.0,0.0,0.0,0.0,0.0,0.0,0.0,0.0,0.0,0.0,0.0,0.0,0.0,0.0,0.0,0.0,3.9187187e-05,0.0,0.0,0.0,0.011878057,0.0,0.0,0.0,0.0065420305,0.012722501,0.0,0.0,0.0,0.0,0.0,0.0,0.0,0.0,0.0,0.0,0.0,0.0,0.0,0.0,0.0,0.0,0.0,0.0,0.0,0.0,0.0,],
[ 0.0,0.0,0.0,9.3023255e-05,0.0,0.0,0.0,0.017569978,0.0,0.0016220101,0.06787943,0.00019086342,0.0089396687,0.0,0.014497298,0.00060331839,0.0,0.0,0.0,0.04208952,0.0,0.0,0.0,0.0,0.0,0.0,0.0,0.0,0.0,0.0,0.0,0.0,0.0,0.0,0.0,0.0,0.0,0.0,0.0,0.0,0.0,0.0016274866,0.0,0.00066639218,0.0058846196,0.0,0.00020704502,0.028268256,0.0015300009,2.0179393e-05,0.0,0.0,0.0,0.00053860356,0.0,0.0,0.0,0.0,0.0,0.0,0.0,0.0,0.0,0.0,0.0,0.0,0.0,0.0,],
[ 0.0,0.0,0.0,0.0,0.0,0.0,0.0,0.00050588488,0.0,0.0,0.0,0.0,0.0077792021,0.014497298,0.0,0.0,0.0,0.0,0.0,0.055884226,0.0,0.0,0.0,0.00031861146,0.0,0.0088254546,0.0,0.0,0.0,0.0,0.0,0.0,0.0,0.0,0.0,0.0,0.0,0.0,0.0,0.0,0.0,0.0,0.0,0.0,0.0,0.0,0.0,0.0,0.030261193,0.0,0.0,0.0,0.0,0.0018165781,0.0,0.0,0.0,0.0,0.0,0.0,0.0,0.0,0.0,0.0,0.0,0.0,0.0,0.0,],
[ 0.0,0.0,0.0,0.0,0.0,0.0042534288,0.0,0.0,6.1619794e-06,0.011081068,0.0038938576,0.0,0.0,0.00060331839,0.0,0.0,0.019021583,0.007591774,0.0034038252,0.0,0.0,0.0,0.0,0.0,0.0,0.0,0.0,0.0,0.0016053039,7.9572955e-05,9.162683e-05,5.7664537e-05,0.0,0.00022477441,0.0,0.0,0.0,0.0,0.0,0.0,0.0,0.0,0.0,0.0040018698,0.011535161,0.0,0.0,0.00021051471,0.0,0.0076769359,0.0,1.6450392e-06,0.0,0.00053152715,0.0,0.0,0.0,0.0,0.0,0.0,0.0,0.0,0.0,0.0,0.0,0.0,0.0,0.0,],
[ 0.0,0.0,0.0,0.0,0.0,0.0058786106,1.2602428e-06,0.0,0.0,0.00069147185,0.0,0.0,0.0,0.0,0.0,0.019021583,0.0,0.0055511505,0.010177094,0.0,0.0,0.0,0.0,0.0,0.0,0.0,0.0,0.0,0.0,0.0046113772,0.0021034201,0.003961738,0.0029441612,0.011034946,0.0,0.0,0.0,0.0,0.0,0.0,0.0,0.0,0.0,0.0,0.0,0.0,0.0,0.0,0.0,0.0,0.0,0.0,0.0,0.0,0.0,0.0,0.0,0.0,0.0,0.0,0.0,0.0,0.0,0.0,0.0,0.0,0.0,0.0,],
[ 0.00015650021,2.6123511e-05,0.0,0.0,2.4089324e-05,0.0,7.1236869e-05,9.25607e-07,0.0,0.0015567692,0.00064328948,0.0,0.0,0.0,0.0,0.007591774,0.0055511505,0.0,0.020095277,0.01817312,0.0017187739,0.0006850549,0.00093531043,8.8371301e-06,0.0035397127,2.4112938e-06,0.0,0.0,0.00045845101,0.00087560652,6.1101369e-05,0.00098431322,0.00023438692,0.0026001839,1.442081e-05,0.0,0.0,0.0,0.0,0.0,0.0,0.0,0.0,0.0,0.0048528374,0.0,0.0,0.0,5.2386252e-06,0.0009087837,0.0,0.033799635,0.0,0.039015893,0.0027822701,0.00013934565,0.0038964592,0.0,0.0,0.0,0.0,0.0,0.0,0.0,0.0,0.0,0.0,0.0,],
[ 0.0005448838,5.8510577e-05,0.0,0.0,1.3634187e-05,0.0055471413,0.0010153056,1.3058065e-05,0.00020046955,0.016797851,0.0,0.0,0.0,0.0,0.0,0.0034038252,0.010177094,0.020095277,0.0,0.0,0.0,0.0,0.0019327541,0.0,0.0042938192,0.0,0.0,0.0,0.012401993,0.024095351,0.0024119656,0.0060309594,5.9457941e-06,0.00088610871,3.9041826e-05,0.0,0.0,2.5411126e-06,0.0,0.0,0.0,0.0,0.0,5.6731035e-06,0.0,0.0,0.0,0.0,0.0,0.0,0.0,0.0003185974,0.0,0.00065197592,2.0011914e-05,0.0,4.5778538e-06,0.0,0.0,0.0,0.0,0.0,0.0,0.0,0.0,0.0,0.0,1.6430011e-05,],
[ 0.0,0.0,0.0,3.0918344e-06,0.0,0.0,0.0,0.0084931243,0.0,0.0,0.011756319,1.1329878e-05,0.0041632049,0.04208952,0.055884226,0.0,0.0,0.01817312,0.0,0.0,0.0075881751,0.0065177737,4.0754842e-05,6.6652477e-06,0.0,0.0013184765,0.0,0.0,0.0,0.0,0.0,0.0,0.0,0.0,0.0,0.0,0.0,0.0,0.0,0.0,0.0,0.0,0.0,0.0,0.00050594931,0.0,0.0,0.00072218562,0.00099718135,4.9976384e-05,0.0,0.010813925,0.0,0.051670137,0.0050238752,0.00036411765,0.00063266271,4.3177406e-05,0.0,0.0,0.0,0.0,0.0,0.0,0.0,0.0,0.0,0.0,],
[ 0.0,0.0,0.0,0.0,0.0,0.0,0.0,0.0,0.0,0.0,0.0,0.0,0.0,0.0,0.0,0.0,0.0,0.0017187739,0.0,0.0075881751,0.0,0.081798559,0.0031078619,0.00036048401,0.0,0.0,0.0,0.0,0.0,0.0,0.0,9.0210111e-06,0.0,0.0,0.0,0.0,0.0,0.0,0.0,0.0,0.0,0.0,0.0,0.0,0.0,0.0,0.0,0.0,0.0,0.0,0.0,0.00088850871,0.0,1.689287e-05,0.00084919421,0.00030596177,0.0025936973,0.0,0.0,0.0,0.0,0.0,0.0,0.0,0.0,0.0,0.0,0.0,],
[ 0.0,0.0,0.0,0.0,1.5601421e-05,0.0,0.0,0.0,0.0,0.0,0.0,0.0,0.0,0.0,0.0,0.0,0.0,0.0006850549,0.0,0.0065177737,0.081798559,0.0,8.8599115e-05,0.018574653,1.9190573e-05,0.0,0.0,0.0,0.0,3.4800331e-06,0.0,1.3968064e-05,0.0,0.0,2.2537625e-06,0.0,0.0,0.0,0.0,0.0,0.0,0.0,0.0,0.0,0.0,0.0,0.0,0.0,0.0,0.0,0.0,0.0025569655,0.0,0.004672928,0.0031596843,0.0025213267,0.013737162,0.0002029017,0.0,0.0,0.0,0.0,0.0,0.0,0.0,0.0,0.0,0.0,],
[ 0.00088726225,0.00072241058,0.0,0.0,0.00036773351,0.0,0.00028227127,2.8798944e-05,0.0,3.6404692e-06,0.0,0.0,0.0,0.0,0.0,0.0,0.0,0.00093531043,0.0019327541,4.0754842e-05,0.0031078619,8.8599115e-05,0.0,0.0052136226,0.036254632,3.1526769e-06,0.0,0.0,0.003877133,0.0010754077,0.0,0.0053487798,0.0,0.0020919311,0.0,0.0,0.0,0.0,0.0,0.0,0.0,0.0,0.0,0.0,0.0,0.0,0.0,0.0,0.0,0.0,0.0,0.0024204013,0.0,0.00081540217,0.0013844757,0.00038770643,0.010122207,5.746333e-06,0.0,0.0,0.0,0.0,0.0,0.0,0.0,0.0,0.0,0.0,],
[ 1.5796736e-05,4.7194878e-05,0.0,0.0,2.4214615e-05,0.0,0.00026408194,9.2680575e-06,0.0,0.0,0.0,0.0,0.0,0.0,0.00031861146,0.0,0.0,8.8371301e-06,0.0,6.6652477e-06,0.00036048401,0.018574653,0.0052136226,0.0,0.0042495499,0.0021459779,0.0,0.0,0.0,0.0,0.0,0.00011129001,0.0,0.0,0.0,0.0,0.0,0.0,0.0,0.0,0.0,0.0,0.0,0.0,0.0,0.0,0.0,0.0,0.0,0.0,0.0,3.334298e-05,0.0,0.00026703699,1.5557715e-05,0.00011195079,0.00061827534,8.9345341e-06,0.0,0.0,0.0,0.0,0.0,0.0,0.0,0.0,0.0,0.0,],
[ 0.0047129077,3.4713593e-05,0.0,0.0,2.3576946e-05,0.0,0.00055461193,1.3086458e-05,0.0,0.0,0.0,0.0,0.0,0.0,0.0,0.0,0.0,0.0035397127,0.0042938192,0.0,0.0,1.9190573e-05,0.036254632,0.0042495499,0.0,0.0017341241,0.00060510625,0.0048001421,0.017502945,0.0,0.0,2.4651589e-06,0.0,0.00090779881,2.2512096e-05,0.0,0.0,0.0,0.0,0.0,0.0,0.0,0.0,0.0,0.0,0.0,0.0,0.0,0.0,0.0,0.0,0.0,0.0,0.0,0.0,0.0,0.0,0.0,0.0,0.0,0.0,0.0,0.0,0.0,0.0,0.0,0.0,0.0,],
[ 0.0,0.0,0.0,0.0,0.0,0.0,0.0,0.0,0.0,0.0,0.0,0.0,0.0,0.0,0.0088254546,0.0,0.0,2.4112938e-06,0.0,0.0013184765,0.0,0.0,3.1526769e-06,0.0021459779,0.0017341241,0.0,0.00043616714,0.00017071324,0.0020563449,0.0,0.0,0.0,0.0,0.0,0.0,0.0,0.0,0.0,0.0,0.0,0.0,0.0,0.0,0.0,0.0,0.0,0.0,0.0,0.0,0.0,0.0,0.0,0.0,0.0,0.0,0.0,0.0,0.0,0.0,0.0,0.0,0.0,0.0,0.0,0.0,0.0,0.0,0.0,],
[ 0.0,0.0,0.0,0.0,0.0,0.0,0.0,0.0,0.0,0.0,0.0,0.0,0.0,0.0,0.0,0.0,0.0,0.0,0.0,0.0,0.0,0.0,0.0,0.0,0.00060510625,0.00043616714,0.0,0.0050733235,0.0006017912,0.0,0.0,0.0,0.0,0.0,0.0,0.0,0.0,0.0,0.0,0.0,0.0,0.0,0.0,0.0,0.0,0.0,0.0,0.0,0.0,0.0,0.0,0.0,0.0,0.0,0.0,0.0,0.0,0.0,0.0,0.0,0.0,0.0,0.0,0.0,0.0,0.0,0.0,0.0,],
[ 0.00012902195,0.0,0.0,0.0,0.0,0.0,0.0,0.0,0.0,0.0,0.0,0.0,0.0,0.0,0.0,0.0,0.0,0.0,0.0,0.0,0.0,0.0,0.0,0.0,0.0048001421,0.00017071324,0.0050733235,0.0,0.0001620205,0.0,0.0,0.000118221,0.0,0.016310983,0.0,0.0,0.0,0.0,0.0,0.0,0.0,0.0,0.0,0.0,0.0,0.0,0.0,0.0,0.0,0.0,0.0,0.0,0.0,0.0,0.0,0.0,0.0,0.0,0.0,0.0,0.0,0.0,0.0,0.0,0.0,0.0,0.0,0.0,],
[ 0.0071728276,0.0,6.5863621e-06,4.6167552e-06,0.0,4.5385531e-06,0.00079270911,4.5422766e-05,0.038969848,0.0034918166,0.0,0.0,0.0,0.0,0.0,0.0016053039,0.0,0.00045845101,0.012401993,0.0,0.0,0.0,0.003877133,0.0,0.017502945,0.0020563449,0.0006017912,0.0001620205,0.0,0.0036333183,0.0,0.0053363927,0.0,0.0037320731,0.0,0.0,0.0,0.0,0.0,0.0,0.0,0.0,3.746428e-05,0.00036103088,0.0,0.0,0.0,0.0,0.0,0.0,0.0,0.0,0.0,0.0,0.0,0.0,0.0,0.0,0.0,0.0,0.0,0.0,0.0,0.0,0.0,0.0,0.0,0.0,],
[ 0.00076836219,0.0,0.0,0.0,0.00085153341,0.0071699466,0.0078630855,0.00010982971,0.03330326,0.021706217,0.0,0.0,0.0,0.0,0.0,7.9572955e-05,0.0046113772,0.00087560652,0.024095351,0.0,0.0,3.4800331e-06,0.0010754077,0.0,0.0,0.0,0.0,0.0,0.0036333183,0.0,0.014745476,0.0036570158,0.0,0.0022244739,0.0,0.0,0.0,0.0,0.0,0.0,3.7768663e-06,0.0,1.6126266e-05,0.0,0.0,0.0,0.0,0.0,0.0,0.0,0.0,0.0,0.0,0.0,0.0,0.0,0.0,0.0,0.0,0.0,0.0,0.0,0.0,0.0,0.0,0.0,0.0,0.0,],
[ 6.7163126e-05,0.0,0.0,0.0,0.00020172627,0.0056398768,5.0189843e-05,1.9394382e-06,2.6409114e-05,4.6081358e-06,0.0,0.0,0.0,0.0,0.0,9.162683e-05,0.0021034201,6.1101369e-05,0.0024119656,0.0,0.0,0.0,0.0,0.0,0.0,0.0,0.0,0.0,0.0,0.014745476,0.0,0.0029820714,0.0,0.00022545305,0.0,0.0,0.0,0.0,0.0,0.0,0.0,0.0,0.0,0.0,0.0,0.0,0.0,0.0,0.0,0.0,0.0,0.0,0.0,0.0,0.0,0.0,0.0,0.0,0.0,0.0,0.0,0.0,0.0,0.0,0.0,0.0,0.0,0.0,],
[ 0.0015016734,0.0,0.0,0.0,3.177788e-06,0.0010961314,5.2160791e-06,0.0,0.0,0.0,0.0,0.0,0.0,0.0,0.0,5.7664537e-05,0.003961738,0.00098431322,0.0060309594,0.0,9.0210111e-06,1.3968064e-05,0.0053487798,0.00011129001,2.4651589e-06,0.0,0.0,0.000118221,0.0053363927,0.0036570158,0.0029820714,0.0,0.0095744879,0.014962659,0.0,0.0,0.0,0.0,0.0,0.0,0.0,0.0,0.0,0.0,0.0,0.0,0.0,0.0,0.0,0.0,0.0,0.0,0.0,0.0,0.0,0.0,0.0,0.0,0.0,0.0,0.0,0.0,0.0,0.0,0.0,0.0,0.0,0.0,],
[ 0.0,0.0,0.0,0.0,0.0,0.0,0.0,0.0,0.0,0.0,0.0,0.0,0.0,0.0,0.0,0.0,0.0029441612,0.00023438692,5.9457941e-06,0.0,0.0,0.0,0.0,0.0,0.0,0.0,0.0,0.0,0.0,0.0,0.0,0.0095744879,0.0,0.0014487924,0.0,0.0,0.0,0.0,0.0,0.0,0.0,0.0,0.0,0.0,0.0,0.0,0.0,0.0,0.0,0.0,0.0,0.0,0.0,0.0,0.0,0.0,0.0,0.0,0.0,0.0,0.0,0.0,0.0,0.0,0.0,0.0,0.0,0.0,],
[ 0.046445542,0.0059185341,1.6981213e-05,0.0,0.0095117978,0.014831931,0.00010826603,0.00017617814,0.0,0.00044995654,0.0,0.0,0.0,0.0,0.0,0.00022477441,0.011034946,0.0026001839,0.00088610871,0.0,0.0,0.0,0.0020919311,0.0,0.00090779881,0.0,0.0,0.016310983,0.0037320731,0.0022244739,0.00022545305,0.014962659,0.0014487924,0.0,0.0,0.0,0.0,0.0,0.0,0.0,0.0,0.0,0.0,0.0,0.0,0.0,0.0,0.0,0.0,0.0,0.0,0.0,0.0,0.0,0.0,0.0,0.0,0.0,0.0,0.0,0.0,0.0,0.0,0.0,0.0,0.0,0.0,0.0,],
[ 0.0,0.0,0.0,0.0,0.0,0.0,0.0,0.0,0.0,0.0,0.0,0.0,0.0,0.0,0.0,0.0,0.0,1.442081e-05,3.9041826e-05,0.0,0.0,2.2537625e-06,0.0,0.0,2.2512096e-05,0.0,0.0,0.0,0.0,0.0,0.0,0.0,0.0,0.0,0.0,0.010662997,0.0,0.0015871875,0.0037368197,0.00016182374,0.0071974968,0.0,3.5768945e-05,6.1844295e-06,0.0,0.0,0.00019151404,0.0,0.0,0.0,0.0,2.1579031e-05,0.00017868706,3.3390582e-06,1.6078965e-05,0.015842343,0.0025444386,0.0073545408,0.0033558665,0.0,0.0,0.0,0.0028672652,0.00081991207,0.0,0.0007741209,0.0,0.050262338,],
[ 0.0,0.0,0.0,0.0,0.0,0.0,0.0,0.0,0.0,0.0,0.0,0.0,0.0,0.0,0.0,0.0,0.0,0.0,0.0,0.0,0.0,0.0,0.0,0.0,0.0,0.0,0.0,0.0,0.0,0.0,0.0,0.0,0.0,0.0,0.010662997,0.0,0.0,0.0,0.00075357595,0.0,0.020217726,0.0,0.0,0.0,0.0,0.0,0.0,0.0,0.0,0.0,0.0,5.9196326e-06,0.0,0.0,0.0,6.6669661e-06,0.00063402991,8.7951909e-05,3.031774e-05,0.0,0.0,0.0,0.00011654601,0.0,0.0,0.0,0.0,0.00035011414,],
[ 0.0,0.0,0.0,3.0909883e-05,0.0,0.0,0.0,0.0,0.0,0.0,0.0,0.0,0.0,0.0,0.0,0.0,0.0,0.0,0.0,0.0,0.0,0.0,0.0,0.0,0.0,0.0,0.0,0.0,0.0,0.0,0.0,0.0,0.0,0.0,0.0,0.0,0.0,0.02652418,0.0,0.0,0.0033828988,0.0012280507,0.0,0.0,0.0,0.0,0.0,0.0,0.0,0.0,0.0,0.0,0.0,0.0,0.0,0.0,2.4150442e-05,2.8184728e-05,0.0,0.0,0.0,0.0,5.3996449e-06,0.0,0.0,0.0,0.0,1.1051005e-05,],
[ 0.0,0.0,0.0,0.041042358,0.0,0.0,2.4879914e-06,0.0067922512,0.0,0.0,0.0,0.0025459547,3.9187187e-05,0.0,0.0,0.0,0.0,0.0,2.5411126e-06,0.0,0.0,0.0,0.0,0.0,0.0,0.0,0.0,0.0,0.0,0.0,0.0,0.0,0.0,0.0,0.0015871875,0.0,0.02652418,0.0,0.0,0.0,0.0039229268,0.0023789628,0.0,0.0,0.0,0.034537931,0.0092141042,0.0074645711,0.00085544674,0.0,0.0,1.2068164e-05,1.8007157e-06,0.0019070644,3.8475596e-06,0.00055208204,0.00027209742,0.00095295773,0.00011192733,0.0,0.0,0.0,2.5953448e-05,0.0,0.0,0.0,0.0,3.4987193e-05,],
[ 0.0,0.0,0.0,0.0,0.0,0.0,3.082758e-05,0.0,0.0,0.0,0.0,0.0,0.0,0.0,0.0,0.0,0.0,0.0,0.0,0.0,0.0,0.0,0.0,0.0,0.0,0.0,0.0,0.0,0.0,0.0,0.0,0.0,0.0,0.0,0.0037368197,0.00075357595,0.0,0.0,0.0,0.0062035644,0.034518177,0.0036272274,0.00050137759,8.6230571e-06,0.0,0.0,0.0,0.0,0.0,3.4906663e-06,0.0,1.6516876e-05,6.0654327e-06,0.0,0.0,0.0,0.00052824406,3.8253199e-05,0.0,0.0,0.0,0.0,0.00034139661,0.0,0.0,0.0,0.0,0.020986812,],
[ 0.0,0.0,0.0,0.0,1.5750265e-05,0.00027513163,0.00035610789,0.0,0.00020517154,0.0,0.0,0.0,0.0,0.0,0.0,0.0,0.0,0.0,0.0,0.0,0.0,0.0,0.0,0.0,0.0,0.0,0.0,0.0,0.0,0.0,0.0,0.0,0.0,0.0,0.00016182374,0.0,0.0,0.0,0.0062035644,0.0,0.014833406,0.0094170593,0.061783346,0.01125948,0.0,0.0,0.0,0.0,0.0,0.00011070929,4.2997993e-06,0.00049450019,1.3017155e-06,0.0,0.0,0.0,0.0,0.0,0.0,0.0,0.0,0.0,0.0054064185,0.00054818751,0.00015326779,0.00061610695,0.0,0.0034878902,],
[ 0.0,7.9187721e-05,0.0,0.0019380313,7.9794837e-05,0.00014842065,0.0055792906,0.0080413468,0.00037620991,0.0,0.0,0.0,0.0,0.0,0.0,0.0,0.0,0.0,0.0,0.0,0.0,0.0,0.0,0.0,0.0,0.0,0.0,0.0,0.0,3.7768663e-06,0.0,0.0,0.0,0.0,0.0071974968,0.020217726,0.0033828988,0.0039229268,0.034518177,0.014833406,0.0,0.0040016866,0.010241687,0.00056773213,0.0,0.0,0.0,0.0,0.0,0.0,0.0,5.9824934e-05,0.00017413131,0.0,0.0,0.0,0.0034628898,0.00027584362,1.4985929e-06,0.0,0.0,0.0,0.00026505445,0.0,0.0,0.0,0.0,0.00017058899,],
[ 0.0,4.9882346e-06,0.0,0.0011079407,1.5583093e-05,0.0,0.01152403,0.10851745,0.012541206,0.0056258929,0.0071259313,0.0,0.011878057,0.0016274866,0.0,0.0,0.0,0.0,0.0,0.0,0.0,0.0,0.0,0.0,0.0,0.0,0.0,0.0,0.0,0.0,0.0,0.0,0.0,0.0,0.0,0.0,0.0012280507,0.0023789628,0.0036272274,0.0094170593,0.0040016866,0.0,0.0089328457,0.014855701,0.0098574657,0.0032102269,0.0042734978,0.016675235,0.010066224,1.9559808e-06,0.0,0.00055064079,0.0,0.0066174685,0.0,0.0,1.0126447e-06,1.6901812e-06,0.0,2.078153e-06,0.0,0.0,3.7408049e-06,0.0,0.0,0.0,0.0,0.0,],
[ 0.0,0.0,0.0,0.0,0.00088393939,0.00033283372,0.0067088688,0.017079986,0.018844079,0.0011886078,0.0,0.0,0.0,0.0,0.0,0.0,0.0,0.0,0.0,0.0,0.0,0.0,0.0,0.0,0.0,0.0,0.0,0.0,3.746428e-05,1.6126266e-05,0.0,0.0,0.0,0.0,3.5768945e-05,0.0,0.0,0.0,0.00050137759,0.061783346,0.010241687,0.0089328457,0.0,0.050198416,0.0,0.0,0.0,0.0,0.0,1.3842273e-05,0.0,1.9451691e-05,0.00038665094,0.0,0.0,0.0,0.0,0.0,0.0,0.0,0.0,0.0,0.028787397,0.00027180042,4.6651653e-06,5.1288568e-05,0.0,5.1545948e-06,],
[ 0.0,0.0,0.0,0.0,0.0,4.0807994e-05,0.0,0.0069311865,0.001371112,0.088230318,0.014847443,0.0,0.0,0.00066639218,0.0,0.0040018698,0.0,0.0,5.6731035e-06,0.0,0.0,0.0,0.0,0.0,0.0,0.0,0.0,0.0,0.00036103088,0.0,0.0,0.0,0.0,0.0,6.1844295e-06,0.0,0.0,0.0,8.6230571e-06,0.01125948,0.00056773213,0.014855701,0.050198416,0.0,0.0041260116,0.0,0.0,0.00049851025,0.0,0.0049497758,0.0021223281,6.1724092e-05,7.8770635e-05,0.0,0.0,0.0,0.0,0.0,0.0,0.0,0.0,0.0,0.02316103,0.01475931,0.0028752627,0.0031539662,1.134707e-05,0.0055265069,],
[ 0.0,0.0,0.0,0.0,0.0,0.0,0.0,0.00011207469,0.0,0.014376871,0.033708396,0.0,0.0,0.0058846196,0.0,0.011535161,0.0,0.0048528374,0.0,0.00050594931,0.0,0.0,0.0,0.0,0.0,0.0,0.0,0.0,0.0,0.0,0.0,0.0,0.0,0.0,0.0,0.0,0.0,0.0,0.0,0.0,0.0,0.0098574657,0.0,0.0041260116,0.0,0.0,0.0,0.049320532,0.0,0.0039200915,0.0,0.0,0.0,0.0027721134,0.0,0.0,0.0,0.0,0.0,0.0,0.0,0.0,0.0,0.0,0.0,0.0,0.0,0.0,],
[ 0.0,0.0,0.0,8.8145987e-05,0.0,0.0,0.0,0.00071592945,0.0,0.0,0.0,0.027294168,0.0065420305,0.0,0.0,0.0,0.0,0.0,0.0,0.0,0.0,0.0,0.0,0.0,0.0,0.0,0.0,0.0,0.0,0.0,0.0,0.0,0.0,0.0,0.0,0.0,0.0,0.034537931,0.0,0.0,0.0,0.0032102269,0.0,0.0,0.0,0.0,0.090576017,0.014353857,0.0058144095,0.0,0.0,0.0,0.0,0.0047831683,0.0,0.0,0.0,0.0,0.0,0.0,0.0,0.0,0.0,0.0,0.0,0.0,0.0,0.0,],
[ 0.0,0.0,0.0,0.0,0.0,0.0,0.0,0.00011390967,0.0,0.0,0.0,0.00032988878,0.012722501,0.00020704502,0.0,0.0,0.0,0.0,0.0,0.0,0.0,0.0,0.0,0.0,0.0,0.0,0.0,0.0,0.0,0.0,0.0,0.0,0.0,0.0,0.00019151404,0.0,0.0,0.0092141042,0.0,0.0,0.0,0.0042734978,0.0,0.0,0.0,0.090576017,0.0,0.025978243,0.02586251,0.0,0.0,0.0,0.0,0.0099763455,0.0,0.0,0.0,6.2797724e-06,0.0,0.0,0.0,0.0,0.0,0.0,0.0,0.0,0.0,0.0,],
[ 0.0,0.0,0.0,0.0,0.0,0.0,0.0,0.00016590155,0.0,0.00019944401,0.0070280698,0.0,0.0,0.028268256,0.0,0.00021051471,0.0,0.0,0.0,0.00072218562,0.0,0.0,0.0,0.0,0.0,0.0,0.0,0.0,0.0,0.0,0.0,0.0,0.0,0.0,0.0,0.0,0.0,0.0074645711,0.0,0.0,0.0,0.016675235,0.0,0.00049851025,0.049320532,0.014353857,0.025978243,0.0,0.018174746,0.00012188958,0.0,0.0,0.0,0.035817759,0.0,0.0,0.0,0.0,0.0,0.0,0.0,0.0,0.0,0.0,0.0,0.0,0.0,0.0,],
[ 0.0,0.0,0.0,0.0,0.0,0.0,0.0,0.0,0.0,0.0,0.0,0.0,0.0,0.0015300009,0.030261193,0.0,0.0,5.2386252e-06,0.0,0.00099718135,0.0,0.0,0.0,0.0,0.0,0.0,0.0,0.0,0.0,0.0,0.0,0.0,0.0,0.0,0.0,0.0,0.0,0.00085544674,0.0,0.0,0.0,0.010066224,0.0,0.0,0.0,0.0058144095,0.02586251,0.018174746,0.0,0.0,0.0,0.0016759142,0.0,0.03710188,0.0042716779,0.0,0.0,0.00035780344,0.0,0.0037556228,0.0018402633,0.0,0.0,0.0,0.0,0.0,0.0,0.0,],
